item	May-1st	May-2nd	May-3rd	May-4th	Jun-1st	Jun-2nd	Jun-3rd	Jun-4th	Jul-1st	Jul-2nd	Jul-3rd	Jul-4th	Aug-1st	Aug-2nd	Aug-3rd	Aug-4th	Sep-1st	Sep-2nd	Sep-3rd	Sep-4th	Oct-1st	Oct-2nd	Oct-3rd	Oct-4th	Nov-1st	Nov-2nd	Nov-3rd	Nov-4th	Dec-1st	Dec-2nd	Dec-3rd	Dec-4th	Jan-1st	Jan-2nd	Jan-3rd	Jan-4th	Feb-1st	Feb-2nd	Feb-3rd	Feb-4th	Mar-1st	Mar-2nd	Mar-3rd	Mar-4th	Apr-1st	Apr-2nd	Apr-3rd	Apr-4th
ancient ghostatue	0	0	0	0	0	0	0	0	0	0	0	0	0	0	0	0	0	0	2	3	4	1	0	0	0	0	2	2	1	1	0	0	0	3	0	0	0	0	0	0	0	0	0	1	0	0	0	0
arcane boot	1	6	2	5	0	1	7	2	7	3	3	14	2	6	12	8	4	10	15	4	9	11	3	9	8	2	8	6	1	10	3	8	11	8	9	9	3	4	4	4	1	5	3	6	4	8	1	1
ares belt	0	0	0	0	0	0	0	0	0	0	0	0	0	0	0	0	0	0	0	0	0	0	0	0	0	0	0	0	0	0	0	0	0	0	0	0	0	0	0	0	0	0	0	0	0	0	0	0
athenas shield	0	0	0	0	2	1	0	7	0	3	4	7	1	4	0	3	0	3	2	6	5	7	2	5	1	1	4	15	0	1	0	2	7	5	1	1	3	2	3	3	5	6	1	4	0	5	5	3
athena shield	0	0	0	0	1	1	3	2	1	2	4	3	2	9	12	3	3	3	3	9	3	7	8	4	1	5	3	9	4	2	2	2	2	3	1	2	2	0	2	3	1	1	1	4	5	4	8	2
azure blade	0	0	0	0	0	0	0	0	0	0	1	1	0	0	1	0	0	0	0	0	0	0	0	0	0	0	0	0	0	0	0	0	0	0	0	0	0	0	0	0	0	1	0	1	2	0	2	0
beast killer	0	1	0	4	0	0	1	0	4	1	2	1	3	0	0	0	0	0	0	0	1	0	1	9	1	1	0	2	0	1	1	0	2	0	1	0	0	0	0	0	0	0	1	0	0	0	0	0
berserker fury	0	0	0	0	2	6	3	7	6	8	6	13	1	14	4	4	4	6	2	9	3	12	5	5	3	3	2	9	5	7	10	9	22	8	3	10	6	2	6	5	2	4	4	8	4	3	10	7
berserkers fury	0	0	0	1	2	3	2	5	9	10	0	10	2	1	2	4	4	1	0	7	3	8	2	7	1	4	3	9	7	3	2	1	4	5	4	1	8	4	7	5	4	5	3	1	3	0	6	14
black ice shield	0	0	0	1	0	0	0	0	0	0	0	0	1	0	0	2	0	0	0	3	1	2	0	1	0	0	4	2	0	0	0	0	0	2	1	0	0	0	0	3	0	0	0	0	0	1	0	0
blade armor	6	25	12	42	17	16	13	21	8	24	15	23	9	30	2	21	5	18	23	30	14	9	8	6	2	6	4	7	3	6	6	10	9	24	12	10	11	9	13	17	3	7	10	21	12	19	6	17
blade of despair	17	4	10	39	29	11	23	21	25	30	13	35	13	16	20	24	18	19	23	21	12	16	3	16	5	9	8	3	16	10	14	10	17	17	7	18	18	11	14	4	9	12	14	10	16	10	16	16
bod	7	20	11	64	20	32	30	38	27	83	34	38	31	41	32	53	26	34	39	45	36	34	39	80	37	53	25	51	50	67	42	69	54	82	61	50	51	50	47	53	59	50	75	113	59	82	95	80
blade of the 7 seas	0	0	0	2	2	2	2	0	1	0	0	1	0	1	0	7	1	1	2	4	1	3	2	2	1	1	1	1	0	0	4	3	0	3	0	0	2	0	0	0	0	1	2	0	1	1	0	1
blade of the seven seas	0	0	0	0	1	0	1	0	0	0	0	0	0	2	1	3	0	1	2	3	1	3	2	1	0	3	0	2	0	1	6	1	0	1	0	0	0	0	0	3	0	0	0	1	0	1	1	0
bot7s	0	0	0	0	1	0	0	0	0	0	0	0	0	0	0	0	0	0	0	0	0	0	0	0	0	0	0	3	0	0	0	0	1	5	1	1	2	0	0	0	2	0	1	1	0	2	0	0
bloodlust axe	21	13	17	34	34	28	25	29	28	41	28	41	25	16	39	34	11	24	39	32	21	28	35	37	21	19	28	33	38	41	18	15	27	24	19	6	25	13	24	16	22	13	14	42	7	19	38	27
bloodthirsty king	7	7	6	9	1	5	8	6	7	3	5	12	4	9	7	5	0	3	5	5	6	5	7	7	2	0	10	10	1	3	3	2	3	7	4	2	5	1	3	2	2	4	3	5	4	4	1	5
book of sages	0	0	0	0	0	1	0	0	0	1	0	0	0	0	0	1	0	0	0	0	0	0	0	0	0	0	0	0	0	0	0	0	0	0	0	0	0	0	0	0	0	0	0	2	0	0	0	0
boots of tranquility	0	0	0	0	0	0	0	0	0	0	0	0	0	0	0	0	0	1	3	1	2	4	2	4	1	5	4	1	1	9	1	1	3	6	1	3	2	6	2	2	0	4	1	5	3	6	6	2
boot of tranquility	0	0	0	0	0	0	0	0	0	0	0	0	0	0	0	0	0	0	0	0	0	0	0	0	0	0	0	0	0	0	0	0	0	1	0	1	0	0	0	0	0	0	0	1	0	0	0	0
boots of tranquil	0	0	0	0	0	0	0	0	0	0	0	0	0	0	0	0	0	1	3	3	3	5	2	4	1	5	4	2	3	9	1	1	3	6	1	3	2	6	2	2	0	4	1	6	3	8	6	2
brute force breastplate	1	1	0	1	0	1	1	1	2	2	0	3	0	3	0	2	0	1	0	0	2	0	1	0	0	0	0	3	1	1	0	0	0	0	0	0	0	0	2	0	0	0	0	0	0	0	0	0
calamity reaper	0	0	0	5	0	0	3	6	11	9	5	8	0	4	5	4	2	6	3	12	1	15	0	6	0	2	3	8	6	3	1	3	5	6	2	6	4	3	5	11	3	21	3	5	12	13	3	4
clock of destiny	0	0	0	2	0	1	6	12	15	8	10	19	7	13	12	12	6	5	11	19	6	5	3	4	7	6	19	13	3	3	3	6	6	14	10	2	6	4	5	8	3	9	3	8	12	15	1	10
concentrated energy	1	0	1	7	2	2	6	13	13	15	15	20	25	18	13	18	3	16	20	24	21	25	9	20	8	12	18	13	6	16	5	16	23	7	11	14	12	11	9	9	6	12	8	20	14	14	9	4
corrosion scythe	0	0	0	2	1	0	2	3	6	8	1	4	7	6	1	3	5	1	0	4	6	2	0	1	0	0	3	4	2	0	0	5	9	3	5	0	0	1	0	0	3	0	4	2	1	0	0	1
corrossion scythe	0	0	0	0	0	0	0	0	0	0	0	0	1	1	0	0	0	0	0	0	0	0	0	0	0	0	0	0	0	0	0	0	0	0	0	0	0	0	0	0	0	0	0	0	0	0	0	0
curse sword	0	0	0	0	0	0	0	0	0	0	0	0	0	0	0	0	0	0	0	2	5	0	0	0	1	3	0	0	1	1	0	0	1	0	0	0	1	0	0	2	0	0	0	0	2	0	0	0
cursed helmet	14	9	7	22	13	11	11	23	12	13	10	20	16	29	12	14	8	17	32	28	9	9	11	14	4	7	15	11	5	3	3	5	13	13	15	9	8	9	15	7	3	6	10	12	16	12	13	14
curse helmet	0	0	0	0	3	0	2	1	1	1	6	0	0	3	0	0	0	0	0	2	0	0	0	1	0	1	1	0	0	0	0	0	0	0	0	0	0	0	0	0	0	1	0	0	0	1	0	0
deadly blade	9	31	56	92	49	119	64	69	44	57	39	34	24	23	24	38	6	22	20	30	17	16	17	19	8	24	12	38	20	30	16	16	8	18	21	12	19	12	13	12	7	13	24	21	7	12	11	9
demon hunter sword	0	0	0	4	3	3	2	4	4	4	2	9	5	16	7	10	6	3	7	0	0	3	0	3	1	1	7	4	0	8	6	2	3	10	3	7	4	5	9	4	4	3	7	8	8	3	6	4
demon wings	0	0	0	5	2	0	3	1	0	0	0	0	0	0	0	1	0	0	0	0	0	0	0	0	0	0	0	0	0	0	0	0	0	0	0	0	0	1	0	0	0	0	0	1	0	0	0	0
demons advent	2	5	2	7	6	2	6	9	3	8	5	2	2	6	0	4	2	9	6	3	4	2	4	5	1	2	1	6	1	0	1	3	2	7	2	2	1	1	3	4	3	6	2	7	3	9	7	11
demon's advent	4	3	4	8	6	6	4	8	4	9	5	11	11	24	3	9	2	3	9	5	4	8	12	6	2	2	2	4	1	2	0	5	3	12	2	5	8	8	5	8	1	4	4	15	5	8	10	5
demon advent	1	0	0	1	0	6	3	4	0	0	1	1	1	3	2	1	5	1	3	2	1	1	2	0	0	0	1	0	2	0	0	0	3	0	0	1	0	0	1	0	0	1	1	2	0	1	3	1
athena's shield	0	0	0	2	0	8	5	15	3	5	1	12	9	19	9	16	4	10	8	20	14	13	23	11	2	3	8	4	0	2	1	6	6	7	6	3	2	7	6	5	4	4	5	11	7	10	12	6
berseker's fury	0	0	0	0	1	0	0	1	0	0	1	1	0	0	0	1	0	0	0	0	0	0	0	0	0	0	0	1	0	0	1	0	0	0	0	0	1	0	1	1	0	0	0	0	1	0	0	1
devil tears	0	0	0	2	0	0	3	4	10	6	4	12	5	4	17	15	6	12	12	14	7	15	3	12	11	7	5	4	0	3	1	5	10	4	3	2	4	3	8	8	4	9	5	8	8	5	6	2
disaster truncheon	1	2	4	7	0	0	2	4	2	4	9	5	1	7	1	1	2	2	2	2	5	2	6	1	1	1	3	2	2	2	0	5	4	2	0	0	2	2	1	0	5	5	11	7	4	11	8	0
dominance ice	24	19	4	26	15	18	17	23	10	17	22	20	14	24	16	23	7	10	24	30	11	12	26	17	11	16	30	35	20	6	15	16	16	30	16	8	13	13	10	25	11	12	8	25	8	20	21	20
dominant ice	2	0	0	0	0	3	0	0	1	1	1	2	0	0	0	0	1	0	0	1	2	0	3	0	1	0	1	0	0	0	0	0	1	2	2	0	0	0	0	3	0	1	1	1	0	0	0	2
dreadnaught armor	0	0	0	0	0	0	0	0	0	0	0	0	0	0	0	0	0	0	0	0	0	0	0	0	0	0	0	0	0	0	0	0	0	0	0	0	0	0	0	0	0	0	0	1	0	0	1	0
enchanted talisman	7	10	5	20	11	5	13	50	15	30	10	21	21	12	21	19	8	15	43	33	18	11	11	17	13	9	15	10	3	16	2	14	9	9	12	4	12	11	8	7	12	14	9	14	2	5	5	2
endless battle 	19	6	4	19	10	3	8	15	34	23	14	23	5	16	22	28	11	10	16	8	14	8	7	7	17	25	9	16	10	20	11	8	18	18	8	7	17	7	11	6	9	25	6	28	23	27	27	16
feather of heaven	1	0	0	2	2	0	2	6	10	4	5	11	8	8	1	4	2	8	2	4	1	1	1	5	4	3	1	8	3	7	1	3	10	9	6	3	7	5	1	2	4	2	0	3	1	1	5	1
feather of haven	0	0	0	0	0	0	0	0	0	0	0	0	0	0	0	0	0	0	0	0	0	0	0	0	0	0	0	0	0	0	0	0	0	0	0	0	0	0	0	0	0	0	0	0	0	0	0	0
fleeting time	9	11	0	6	1	3	6	14	5	6	2	3	5	2	5	11	2	1	11	9	6	11	0	3	1	0	4	0	1	2	2	1	1	4	1	0	0	0	0	7	1	3	1	6	0	1	0	3
fury hammer	0	0	0	0	0	0	0	0	0	0	0	0	0	0	0	0	0	0	0	0	0	0	0	0	0	0	0	0	0	0	0	0	0	0	0	0	0	0	0	0	0	0	0	2	0	0	1	18
glowing wand	0	0	0	2	0	9	6	16	13	10	7	5	10	9	10	27	8	13	21	29	24	12	12	10	15	6	9	7	4	13	5	9	19	15	8	9	19	7	15	15	8	14	7	27	15	14	4	2
heart of steel	3	7	3	16	12	6	7	9	2	6	6	4	3	7	3	5	1	3	8	3	3	4	4	2	1	0	1	4	0	1	1	2	6	14	4	3	2	0	5	6	1	6	4	10	4	7	14	14
holy crystal	0	0	1	12	3	3	9	10	13	10	10	20	20	14	18	22	7	18	33	32	31	22	6	23	18	10	10	11	6	10	7	8	12	15	2	3	8	3	8	12	4	7	2	11	12	13	0	2
hunter strike	4	2	1	10	11	8	7	7	10	13	9	13	3	9	16	11	4	14	7	7	6	3	4	12	4	9	8	10	3	1	6	5	3	4	4	1	5	4	2	3	3	2	3	14	4	6	3	4
ice queen wand	0	0	0	8	0	3	0	3	6	5	4	10	5	5	11	19	2	8	19	21	21	7	4	5	10	6	11	3	12	5	2	7	7	11	3	5	5	5	3	4	4	6	4	16	8	10	4	4
immortality	34	28	2	39	33	26	33	64	33	51	38	52	26	49	34	52	30	45	47	48	24	38	35	42	18	23	29	36	17	17	17	26	22	30	21	26	16	15	22	28	11	16	11	36	30	27	27	22
iron hunting bow	0	0	0	0	0	0	0	0	0	0	0	0	0	0	0	0	0	0	0	0	0	0	0	0	0	0	0	0	0	0	0	0	0	0	0	0	0	0	0	0	0	0	0	0	0	0	0	0
lightning truncheon	0	0	0	0	0	0	0	0	0	0	0	0	0	0	0	0	4	28	41	42	21	27	17	19	15	9	15	8	7	12	5	9	16	9	5	5	8	9	9	9	2	4	3	11	17	12	6	2
magic blade	12	3	2	7	5	6	11	18	11	14	15	27	13	18	25	31	27	32	27	44	19	25	26	51	26	13	6	5	4	3	5	8	3	0	1	5	1	0	3	4	1	3	1	0	0	0	0	0
magic shoes	11	5	1	3	3	6	8	13	9	18	7	6	6	4	8	13	2	2	6	9	6	8	6	19	8	9	8	8	12	4	6	10	8	17	1	4	12	7	4	7	1	2	5	13	7	12	12	8
malefic roar	0	0	0	0	2	3	13	17	11	18	15	26	6	19	16	23	8	15	19	30	9	13	11	6	2	10	9	16	5	7	13	9	6	18	12	22	13	5	14	6	6	5	12	20	15	10	5	13
molten esseence	0	0	0	0	0	0	0	0	0	0	0	0	0	0	0	0	0	0	0	0	0	0	0	0	0	0	0	0	0	0	0	0	0	0	0	0	0	0	0	0	0	0	0	0	0	0	0	0
mystic container	0	0	0	0	0	0	0	0	0	0	0	0	0	0	0	0	0	0	0	0	0	0	0	0	0	0	0	0	0	0	0	0	0	0	0	0	0	0	0	0	0	0	1	0	0	0	0	0
necklace of durance	0	0	0	0	0	0	0	0	0	10	15	10	11	7	9	11	4	3	13	10	10	3	8	2	7	3	7	16	7	11	2	6	5	11	12	5	11	3	7	5	5	14	16	14	8	20	12	9
nimble blade	0	0	0	10	0	0	2	1	0	0	2	3	1	1	1	0	1	3	12	2	0	6	0	3	2	2	0	4	3	0	2	6	3	0	1	2	0	3	1	0	1	3	0	1	0	1	3	1
ogre tomahawk	0	0	0	0	0	0	0	0	0	0	0	0	0	0	0	0	0	0	0	0	0	0	0	1	0	0	0	0	0	0	0	1	0	0	0	0	0	0	0	0	0	0	0	0	0	0	0	0
pillager axe	0	0	0	1	0	0	0	0	0	0	1	4	0	1	0	0	0	2	0	0	0	5	1	6	1	6	3	3	2	5	2	2	4	0	1	3	4	0	6	4	1	5	0	0	1	0	1	0
oracle	7	8	2	23	7	12	5	18	6	19	4	12	12	25	7	11	8	9	18	12	8	11	15	26	5	5	36	26	17	16	6	14	16	47	22	24	15	14	21	36	18	21	22	58	29	26	33	29
rapid boots	19	14	5	16	3	7	14	17	21	22	15	11	6	14	11	23	3	4	20	13	9	6	7	12	10	6	8	10	9	7	2	5	8	11	10	5	11	3	5	5	3	4	4	7	14	10	6	5
raptor machine	0	0	0	0	0	0	0	0	0	0	0	0	0	0	0	0	0	0	0	0	0	0	0	0	0	0	0	0	0	0	0	0	0	0	0	0	0	0	0	0	0	0	0	0	0	0	0	0
rose gold meteor	0	0	0	0	0	0	0	0	0	0	0	0	0	0	0	0	0	0	0	0	0	0	0	1	16	9	10	18	25	12	8	14	16	11	5	9	11	0	11	8	11	7	10	12	5	5	7	4
scarlet phantom	8	5	9	23	20	9	13	27	14	21	9	20	17	25	17	26	14	19	14	16	10	20	10	21	2	10	14	22	14	17	24	13	31	22	11	12	10	10	12	8	13	10	11	11	25	11	18	18
scarlet pantom	0	0	0	0	0	0	0	0	0	0	0	0	0	0	0	0	0	0	0	0	0	0	0	0	0	0	0	0	0	0	0	0	0	0	0	0	0	0	0	0	0	0	0	0	0	0	0	0
silence robe	0	0	0	0	0	0	0	0	0	0	0	0	0	0	0	0	0	0	0	0	0	0	0	0	0	0	1	0	0	0	0	0	0	0	0	0	0	0	0	1	0	0	0	1	0	0	0	0
star shard	0	0	0	1	0	0	0	0	0	0	0	1	0	0	0	0	0	1	0	1	0	0	0	1	0	0	1	0	0	0	0	1	0	0	1	0	7	1	0	1	1	1	0	11	1	3	0	0
swift boots	8	4	5	18	7	6	7	18	16	14	8	20	7	13	5	12	3	9	6	9	2	5	2	4	2	5	10	11	12	9	10	5	11	13	8	7	11	4	4	4	8	5	6	9	16	5	19	14
thunder belt	11	4	4	18	14	9	22	24	36	65	15	24	1	4	3	10	4	2	3	12	10	2	2	21	5	3	14	5	5	3	0	6	0	11	6	4	11	5	0	4	3	13	0	10	5	10	1	7
tough boots	0	1	0	2	4	1	6	1	0	1	0	6	1	4	5	4	0	2	2	1	6	4	0	2	0	0	1	1	1	1	2	1	0	1	0	9	1	0	1	2	0	1	0	2	2	2	2	7
warrior boots	3	6	3	22	14	13	14	13	13	9	7	25	18	15	7	19	6	12	11	14	4	3	7	7	1	9	4	11	9	6	9	5	10	17	8	21	12	8	15	17	6	8	15	23	12	20	43	12
windtalker	0	0	0	8	10	4	7	10	22	14	11	23	14	37	21	45	8	14	17	12	11	8	8	10	10	9	16	20	6	10	8	7	30	12	12	23	16	15	8	2	6	32	19	19	58	21	15	17
wings of the apocalypse queen	0	0	0	1	1	0	0	1	0	0	0	0	1	0	2	2	0	0	0	2	0	0	0	0	1	6	3	2	2	2	1	3	5	2	1	4	6	0	1	4	0	2	0	3	4	3	5	8
wotaq	0	0	0	0	0	0	1	0	0	0	0	0	0	0	0	0	0	0	0	1	0	0	0	0	0	2	8	1	5	1	0	6	11	28	11	14	12	18	7	14	11	15	9	42	19	22	23	22
wing of the apocalypse	0	0	0	0	0	0	0	0	0	0	0	0	0	0	0	0	0	0	0	0	0	0	0	0	0	1	0	0	0	0	0	0	0	0	0	0	1	0	0	0	0	0	0	1	0	1	0	0
wings of the apocalypse	0	0	0	1	1	0	0	1	0	0	0	0	1	0	2	2	0	0	0	2	0	0	0	0	2	9	4	4	4	2	2	3	5	2	1	5	6	0	1	4	0	2	0	3	4	3	5	8
wing of apocalypse	0	0	0	0	0	0	0	0	0	0	0	0	0	0	0	0	0	0	0	0	0	0	0	0	1	0	1	0	0	2	0	0	0	0	0	2	2	0	0	0	0	0	2	0	0	0	1	0
wings of apocalypse	0	0	0	1	1	0	0	0	1	0	0	1	0	1	0	0	1	1	1	2	0	1	0	0	4	11	0	10	6	1	3	3	3	3	1	4	1	3	3	1	4	1	2	3	1	2	8	6
winter truncheon	2	2	3	6	0	0	0	1	1	3	1	2	0	3	1	1	0	0	2	3	1	2	1	0	0	0	3	0	2	0	1	1	5	1	0	0	1	0	0	0	0	5	1	2	0	0	0	1
wizard boots	0	0	0	0	0	0	0	0	0	0	0	0	0	0	0	0	0	1	6	5	3	1	2	1	3	3	1	2	3	3	4	3	0	2	2	3	4	6	2	4	9	3	5	9	6	8	5	10
