date	akai	alice	alpha	alucard	alutard	angela	argus	aurora	balmond	bal****	bane	bruno	chou	clint	cyclops	cyc	diggie	digger	estes	eudora	fanny	franco	gatotkaca	gatot	gord	grock	gusion	guisson	gossen	harley	hayabusa	haya	helcurt	hilda	hylos	irithel	iritel	jawhead	johnson	kagura	kagu	karina	karrie	lance	lancelot	lapu	lapu-lapu	layla	lesley	lolita	mino	minotaur	miya	moskov	moskow	nana	nata	natalia	odette	odete	pharsa	parsa	farsha	rafaela	rafael	roger	ruby	saber	sun	tigreal	valir	vexana	yi sun	yss	zhask	zilong	selena	chang-e	kaja	uranus	hanabi
20170501	12	18	18	25	0	0	0	7	23	0	21	12	118	34	15	18	0	0	67	53	71	49	0	0	12	0	0	0	0	0	10	12	0	54	0	0	0	0	51	42	42	96	0	8	0	3	0	39	0	35	17	6	23	205	0	50	76	66	0	0	0	0	0	17	18	0	44	33	27	46	0	0	11	3	0	0	0	0	0	0	0
20170507	9	17	19	26	1	0	0	56	14	0	33	27	88	30	14	16	0	0	81	87	44	52	0	0	20	0	0	0	0	0	15	21	0	18	0	0	0	0	19	42	43	72	0	24	0	10	1	47	0	38	12	3	38	283	0	54	49	48	0	0	0	0	0	8	8	0	48	34	18	80	0	0	4	5	0	0	0	0	0	0	0
20170514	14	5	12	33	3	0	0	27	20	0	59	25	37	46	6	7	0	0	72	34	41	19	0	0	11	0	0	0	0	1	2	3	0	15	0	0	0	0	19	49	49	34	0	7	0	71	21	37	0	18	31	7	7	140	1	27	41	40	0	0	0	0	0	4	4	0	26	25	40	55	0	0	13	3	0	0	0	0	0	0	0
20170521	13	16	18	131	3	0	0	50	61	0	41	34	120	42	18	19	0	0	114	55	89	28	0	0	10	0	0	0	0	0	18	19	0	40	0	0	0	0	17	59	59	97	0	31	0	49	7	55	0	12	24	15	60	229	3	56	69	68	0	0	0	0	0	14	14	0	56	38	48	137	0	3	18	5	0	0	0	0	0	0	0
20170601	13	21	13	38	2	0	0	48	28	0	104	15	55	34	15	15	0	0	58	52	49	26	0	3	7	0	0	0	0	0	14	14	0	14	0	0	0	0	19	52	52	67	0	18	0	30	3	42	0	42	27	19	59	111	0	43	40	40	0	0	0	0	0	9	9	0	49	40	23	68	0	15	9	21	0	0	0	0	0	0	0
20170607	36	19	20	41	2	0	0	75	60	0	59	32	108	52	38	45	0	0	167	49	50	48	0	0	15	0	0	0	0	0	30	34	0	23	0	0	0	0	23	69	69	137	0	9	0	22	6	53	0	24	45	12	73	72	0	39	55	54	0	0	0	0	0	19	19	0	62	50	21	86	0	41	11	13	0	0	0	0	0	0	0
20170614	48	23	21	48	5	0	0	36	16	0	28	26	74	70	40	42	0	0	104	31	64	49	0	0	27	0	0	0	0	0	43	45	0	20	0	0	0	0	15	102	102	141	0	32	0	33	4	52	0	17	22	10	83	103	0	32	81	79	0	0	0	0	0	12	14	42	60	50	15	70	0	23	6	12	0	0	0	0	0	0	0
20170621	41	63	14	62	1	0	0	104	44	0	40	37	155	137	101	109	0	0	219	129	113	84	0	3	26	0	0	0	0	0	86	94	0	30	0	0	0	0	29	93	93	248	15	30	0	40	6	74	0	85	100	26	91	98	0	148	157	152	0	0	0	0	0	38	41	115	73	93	42	101	0	39	7	10	0	0	0	0	0	0	0
20170701	29	7	30	29	2	0	0	63	32	0	26	8	110	78	66	69	0	1	71	29	62	33	2	8	6	0	0	0	0	0	142	164	0	17	0	0	0	0	11	35	35	102	30	16	0	53	6	35	0	27	40	11	35	45	0	90	73	72	0	0	0	0	0	15	15	26	46	37	60	47	0	7	4	29	0	0	0	0	0	0	0
20170707	67	22	26	111	1	0	0	94	39	0	85	26	152	172	107	109	0	1	115	54	75	71	2	8	24	0	0	0	0	0	85	107	0	17	0	0	0	0	58	58	59	148	144	61	0	58	11	64	0	66	63	20	67	70	0	109	64	62	0	0	0	0	0	36	39	35	61	70	45	104	0	30	12	18	0	1	0	0	0	0	0
20170714	19	19	26	30	0	0	0	60	25	0	28	7	52	57	46	57	0	0	85	35	77	25	12	61	13	0	0	0	0	1	39	59	0	9	0	0	0	0	28	42	42	77	75	16	0	35	3	33	0	27	39	13	38	35	0	36	61	60	0	0	0	0	0	20	20	22	32	29	17	61	0	12	3	6	0	4	0	0	0	0	0
20170721	44	50	38	151	3	0	0	121	33	0	61	24	151	92	74	80	0	1	82	83	101	57	11	71	34	0	0	0	0	28	80	97	0	25	0	0	0	0	35	88	90	82	263	30	0	75	14	68	0	77	67	22	63	78	0	64	99	98	0	0	0	0	0	44	46	31	44	67	47	47	0	21	7	4	0	85	0	0	0	0	0
20170801	34	21	20	30	0	0	0	29	14	0	18	11	87	18	70	71	0	0	38	20	62	58	0	8	35	0	0	0	0	88	30	44	0	7	0	0	0	0	5	32	32	43	100	19	0	54	6	17	0	10	42	4	34	32	0	21	36	35	0	0	0	0	0	18	18	42	16	29	36	35	0	9	2	4	0	29	0	0	0	0	0
20170807	22	22	34	83	12	0	0	74	74	0	41	29	149	39	67	68	0	1	60	60	107	76	3	29	28	0	0	0	0	49	30	52	0	20	0	9	0	0	25	88	89	98	178	16	0	57	5	52	0	32	84	21	55	39	0	32	46	44	0	0	0	0	0	65	65	98	28	62	21	57	0	14	1	15	0	83	0	0	0	0	0
20170814	18	24	44	67	5	0	0	100	20	0	39	18	121	53	66	69	0	0	42	52	61	31	1	47	30	0	0	0	0	18	52	119	0	23	0	21	0	0	36	84	84	106	237	17	0	67	8	50	0	24	83	29	35	43	0	37	50	47	0	0	0	0	0	24	28	44	38	87	48	32	0	24	5	7	0	42	0	0	0	0	0
20170821	64	33	66	149	23	0	0	136	32	0	111	28	222	104	145	148	0	0	74	119	135	74	10	52	70	52	0	0	0	131	72	134	0	24	0	50	0	0	36	148	151	130	200	35	0	87	19	103	0	43	85	22	74	83	0	94	60	57	0	0	0	0	0	32	36	72	108	121	49	68	0	21	6	18	0	140	0	0	0	0	0
20170901	10	29	27	81	13	0	91	79	21	0	40	7	90	24	56	58	0	0	37	68	103	17	3	36	20	26	0	0	0	60	43	64	0	20	0	21	0	0	19	103	103	46	74	44	0	27	2	46	0	9	48	10	26	22	0	82	53	52	0	0	0	0	0	21	21	34	48	56	53	14	0	5	5	3	0	59	0	0	0	0	0
20170907	21	29	22	85	24	0	161	58	15	0	28	13	103	33	38	41	0	0	35	38	107	25	6	46	31	32	0	0	0	134	31	53	0	22	0	30	0	0	53	99	99	70	100	19	0	39	6	59	0	22	105	32	39	46	0	66	48	42	0	0	0	0	0	29	31	49	87	93	43	48	0	11	4	6	0	60	0	0	0	0	0
20170914	77	32	39	105	31	0	181	89	18	0	76	10	140	48	66	73	0	0	21	56	301	44	1	53	64	72	0	0	0	224	31	62	0	53	0	36	0	0	45	111	111	99	105	28	0	82	10	53	0	39	79	25	38	25	0	53	73	68	23	0	0	0	0	27	28	63	90	72	40	27	0	16	5	13	0	79	0	0	0	0	0
20170921	71	54	23	101	37	0	283	138	49	0	42	16	130	43	262	278	0	0	59	76	295	57	5	66	157	70	0	0	0	279	33	45	0	79	0	59	0	0	21	441	443	110	65	93	53	83	10	91	0	62	66	21	49	41	0	78	77	70	124	0	0	0	0	44	46	121	87	63	109	37	0	50	8	10	0	116	0	0	0	0	0
20171001	43	29	29	90	18	0	59	53	29	0	27	9	79	36	182	192	0	0	27	50	101	56	3	37	93	198	0	0	0	187	36	45	0	76	0	40	0	0	21	243	247	63	34	81	34	54	6	73	0	44	44	13	48	69	0	38	79	75	77	0	0	0	0	25	26	76	38	62	34	11	0	11	6	3	0	87	0	0	0	0	0
20171007	42	32	23	99	19	0	35	63	27	0	30	10	61	13	192	210	0	0	37	54	210	43	3	40	90	123	0	0	0	132	24	40	0	31	0	31	0	0	22	175	178	114	36	83	29	30	6	38	0	42	42	7	24	25	0	42	72	71	65	0	0	0	0	13	15	46	54	61	35	35	0	25	6	21	0	115	0	0	0	0	0
20171014	58	11	12	59	28	0	40	38	25	0	53	5	61	10	115	122	24	14	19	17	200	13	2	19	52	75	0	0	0	76	31	72	0	29	0	20	0	0	7	90	90	55	27	165	115	51	8	40	0	68	9	1	9	19	0	56	33	30	58	0	0	0	0	17	17	86	71	40	39	16	0	7	5	15	0	61	0	0	0	0	0
20171021	70	33	29	134	33	0	61	56	62	0	52	23	72	22	180	194	46	22	47	40	491	34	2	30	57	143	0	0	0	129	31	58	0	76	19	41	0	0	15	182	183	98	45	410	293	54	7	76	0	180	41	18	45	29	0	102	79	79	64	0	0	0	0	37	38	74	51	113	73	30	0	35	8	34	0	85	0	0	0	0	0
20171101	92	40	39	56	19	0	51	37	22	0	34	30	59	32	73	88	86	5	22	34	143	26	8	44	50	81	0	0	0	95	20	32	0	17	21	32	0	0	12	115	115	54	23	179	118	51	5	60	0	63	36	10	34	24	0	61	41	39	32	0	0	0	0	17	17	59	37	79	28	30	0	38	2	58	0	55	0	0	0	0	0
20171107	93	23	37	65	5	0	72	51	32	0	50	10	76	17	99	106	38	2	17	41	350	51	8	73	14	127	0	0	0	58	35	83	0	33	26	51	0	0	24	149	149	79	42	385	306	64	9	66	0	39	39	7	31	61	0	44	85	84	34	0	0	0	0	15	15	83	102	92	31	56	0	9	10	80	35	51	0	0	0	0	0
20171114	161	39	15	68	14	0	41	64	29	0	66	21	65	51	112	119	85	3	28	44	321	37	4	39	71	119	0	0	0	121	58	102	0	32	94	100	1	0	21	193	197	74	45	297	183	34	8	122	0	57	25	7	67	78	0	32	46	45	48	0	0	0	0	19	19	81	72	86	43	29	0	23	16	72	54	67	0	0	0	1	0
20171121	274	47	21	125	22	0	77	64	60	5	42	42	56	47	81	93	158	27	66	47	311	64	4	43	39	132	0	0	0	70	81	144	61	37	52	67	0	0	20	176	177	97	50	407	283	53	4	141	3	71	33	12	42	75	0	56	95	89	58	0	4	0	0	32	33	180	136	134	50	33	0	13	7	95	94	111	0	0	0	0	0
20171201	229	21	89	64	24	0	40	46	45	14	25	7	36	18	72	77	115	11	50	21	48	26	0	32	24	86	0	0	0	82	27	41	11	47	18	45	0	0	9	105	106	52	14	153	90	45	2	46	2	49	21	9	28	48	0	75	22	21	60	0	0	0	0	33	33	72	167	69	28	8	0	11	7	60	131	64	0	0	0	0	0
20171207	138	58	46	117	19	0	39	32	43	18	71	5	31	23	72	80	84	5	37	39	114	27	4	34	18	41	0	0	0	65	28	58	149	61	16	40	0	0	21	118	118	35	30	214	126	34	4	83	37	67	30	13	39	28	0	46	82	79	23	0	8	0	0	25	27	46	88	113	50	26	0	14	5	76	55	60	0	0	0	0	0
20171214	116	26	40	90	32	0	32	42	29	9	35	37	20	31	72	82	69	3	27	32	76	47	3	17	31	69	0	0	0	70	35	67	109	54	10	32	0	0	14	127	130	49	29	187	111	34	5	73	19	52	21	8	52	21	0	51	41	41	56	0	0	0	0	16	16	53	107	49	29	30	0	5	9	60	63	44	0	0	0	0	0
20171221	212	69	119	101	21	11	66	51	39	9	64	26	79	53	90	111	93	0	38	27	179	37	2	25	34	108	0	0	0	114	70	127	61	99	31	84	0	13	54	203	209	88	76	243	127	39	4	133	54	103	33	14	104	46	0	67	111	107	118	0	84	0	5	40	40	57	134	114	49	48	0	47	16	96	82	85	0	0	0	0	0
20180101	123	47	77	90	22	15	63	54	55	7	87	6	41	28	95	112	79	2	22	40	145	49	4	21	20	100	0	0	8	103	31	63	38	61	36	71	0	4	31	189	191	52	41	144	88	19	1	84	37	56	20	8	50	21	0	66	66	59	38	0	68	0	0	17	17	58	155	53	31	26	0	11	8	43	69	63	0	0	0	0	0
20180107	188	41	37	66	8	9	37	61	66	25	65	27	66	27	89	100	94	1	47	61	217	37	8	50	45	85	0	0	10	119	50	109	39	65	56	40	0	13	50	168	169	76	39	192	95	31	3	93	129	71	34	11	101	19	0	58	80	71	88	0	38	1	1	60	61	69	165	91	66	34	0	27	11	49	82	87	0	0	0	0	0
20180114	183	59	77	69	11	21	29	30	56	17	79	38	74	40	205	264	155	0	49	43	209	54	1	30	61	90	0	0	3	205	30	114	25	124	98	29	0	15	38	288	296	84	37	221	115	27	3	76	147	86	24	6	53	29	0	48	93	92	62	0	43	0	0	20	21	68	196	42	63	23	0	12	5	98	101	69	0	0	0	0	0
20180121	185	35	24	92	19	16	73	48	76	15	67	17	64	26	116	176	56	0	31	29	159	29	1	48	31	92	0	0	9	126	42	84	42	133	119	48	0	34	62	140	148	202	23	226	110	25	1	116	116	57	29	6	53	51	0	34	41	41	31	0	38	0	0	35	35	64	117	45	45	54	27	17	7	57	81	47	0	0	0	0	0
20180201	91	49	37	98	6	76	58	44	47	10	36	11	83	15	73	96	78	0	76	22	134	75	4	20	44	50	0	0	26	138	40	91	13	74	93	45	1	39	38	143	147	75	23	164	93	19	1	81	163	62	21	9	92	33	0	67	77	77	49	0	40	0	2	50	50	68	181	37	44	43	23	9	2	61	92	65	0	0	0	0	0
20180207	99	26	61	80	8	145	42	51	40	17	39	30	44	33	99	144	70	1	30	15	225	34	6	40	47	82	5	0	36	165	40	101	39	70	111	45	0	30	169	150	151	65	25	198	87	38	4	90	182	73	38	12	53	53	0	32	63	62	45	0	76	1	1	32	32	40	184	32	102	17	8	29	3	70	115	48	0	0	0	0	0
20180214	104	21	35	161	77	60	42	62	66	5	28	13	39	16	95	123	40	0	26	34	235	26	8	37	17	33	19	0	35	104	38	90	40	90	127	20	0	25	233	155	156	94	26	276	130	58	2	70	176	54	37	22	38	44	0	47	73	68	32	0	31	0	0	24	24	36	98	60	25	23	4	24	2	34	107	64	0	0	0	0	0
20180221	98	27	63	127	72	66	44	36	17	14	37	20	63	16	65	87	65	0	26	23	100	35	7	14	24	77	12	0	86	77	22	94	31	82	135	36	0	21	210	203	209	77	18	220	84	48	9	57	85	44	16	3	51	42	0	27	45	44	47	0	28	0	0	23	23	28	122	34	42	19	1	17	5	48	63	55	0	0	0	0	0
20180301	92	55	122	80	68	54	48	70	31	12	47	22	25	25	70	89	43	0	43	29	164	49	9	20	49	61	30	0	194	96	35	59	41	56	111	41	0	43	220	204	204	43	30	265	124	84	2	58	146	42	23	9	41	148	0	62	33	28	65	0	63	0	2	34	34	22	113	54	56	17	80	31	8	64	73	27	0	0	0	0	0
20180307	99	63	80	63	44	54	47	50	24	7	20	27	223	64	48	58	32	0	8	14	187	25	4	18	20	56	57	0	122	64	55	136	64	58	158	22	0	23	137	240	247	46	17	265	115	52	4	49	105	34	34	6	50	128	1	24	60	59	59	1	23	0	0	22	22	51	152	38	43	23	58	16	8	42	51	52	0	0	0	12	19
20180314	138	84	65	100	58	100	50	77	23	10	52	30	80	51	107	142	77	0	115	34	194	58	9	30	33	51	80	0	175	132	41	105	102	47	124	51	0	30	201	283	292	101	52	273	116	69	5	99	178	57	29	11	51	116	0	67	59	54	148	0	70	0	0	53	53	46	105	37	43	49	41	56	0	45	41	45	1	0	0	16	86
20180321	132	123	62	99	77	176	74	54	55	14	55	20	79	61	220	285	98	1	48	26	330	46	6	32	68	41	165	0	178	166	30	81	176	112	256	29	0	40	252	289	298	99	71	514	206	69	7	119	255	87	59	23	42	179	0	95	81	78	68	0	44	0	0	51	51	59	217	131	63	46	38	28	7	85	52	87	10	2	0	65	29
20180401	93	151	19	38	41	85	38	23	22	4	30	11	107	22	104	130	48	0	20	10	203	15	1	12	24	24	124	0	114	96	35	98	144	54	120	12	0	87	145	156	163	78	28	349	152	40	10	61	247	62	26	10	49	167	0	35	83	74	51	0	55	0	0	33	33	14	101	77	35	10	24	69	6	32	29	59	7	0	0	22	44
20180407	93	139	30	61	44	143	36	34	36	5	47	23	47	23	61	78	50	0	54	39	182	27	2	15	47	52	105	0	48	66	33	73	111	44	163	26	0	66	171	166	167	62	44	232	100	18	0	83	156	71	50	12	47	52	0	94	47	44	46	0	41	0	0	51	51	27	141	38	35	38	21	90	2	27	29	68	50	0	0	29	35
20180414	101	104	58	118	56	101	92	73	30	3	95	35	57	41	99	121	33	1	42	34	162	43	8	33	24	70	80	0	51	141	54	106	46	44	124	37	0	62	119	159	170	109	28	271	120	74	8	110	233	69	26	7	63	87	1	73	81	73	42	0	40	0	0	29	29	29	195	92	57	46	18	31	5	35	33	81	15	1	0	15	162
20180421	75	63	67	70	28	180	79	33	55	3	46	23	59	56	110	135	56	0	42	25	239	40	6	37	42	58	85	0	57	121	43	90	88	51	104	27	0	112	121	164	168	82	32	276	127	75	12	107	212	48	31	14	98	133	0	85	107	97	53	0	31	0	0	27	27	36	144	65	40	43	21	59	2	24	38	88	23	0	19	34	80
