hero	May-1st	May-2nd	May-3rd	May-4th	Jun-1st	Jun-2nd	Jun-3rd	Jun-4th	Jul-1st	Jul-2nd	Jul-3rd	Jul-4th	Aug-1st	Aug-2nd	Aug-3rd	Aug-4th	Sep-1st	Sep-2nd	Sep-3rd	Sep-4th	Oct-1st	Oct-2nd	Oct-3rd	Oct-4th	Nov-1st	Nov-2nd	Nov-3rd	Nov-4th	Dec-1st	Dec-2nd	Dec-3rd	Dec-4th	Jan-1st	Jan-2nd	Jan-3rd	Jan-4th	Feb-1st	Feb-2nd	Feb-3rd	Feb-4th	Mar-1st	Mar-2nd	Mar-3rd	Mar-4th	Apr-1st	Apr-2nd	Apr-3rd	Apr-4th
akai	12	9	14	13	13	36	48	41	29	67	19	44	34	22	18	64	10	21	77	71	43	42	58	70	92	93	161	274	229	138	116	212	123	188	183	185	91	99	104	98	92	99	138	132	93	93	101	75
alice	18	17	5	16	21	19	23	63	7	22	19	50	21	22	24	33	29	29	32	54	29	32	11	33	40	23	39	47	21	58	26	69	47	41	59	35	49	26	21	27	55	63	84	123	151	139	104	63
alpha	18	19	12	18	13	20	21	14	30	26	26	38	20	34	44	66	27	22	39	23	29	23	12	29	39	37	15	21	89	46	40	119	77	37	77	24	37	61	35	63	122	80	65	62	19	30	58	67
alucard	25	26	33	131	38	41	48	62	29	111	30	151	30	83	67	149	81	85	105	101	90	99	59	134	56	65	68	125	64	117	90	101	90	66	69	92	98	80	161	127	80	63	100	99	38	61	118	70
alutard	0	1	3	3	2	2	5	1	2	1	0	3	0	12	5	23	13	24	31	37	18	19	28	33	19	5	14	22	24	19	32	21	22	8	11	19	6	8	77	72	68	44	58	77	41	44	56	28
angela	0	0	0	0	0	0	0	0	0	0	0	0	0	0	0	0	0	0	0	0	0	0	0	0	0	0	0	0	0	0	0	11	15	9	21	16	76	145	60	66	54	54	100	176	85	143	101	180
argus	0	0	0	0	0	0	0	0	0	0	0	0	0	0	0	0	91	161	181	283	59	35	40	61	51	72	41	77	40	39	32	66	63	37	29	73	58	42	42	44	48	47	50	74	38	36	92	79
aurora	7	56	27	50	48	75	36	104	63	94	60	121	29	74	100	136	79	58	89	138	53	63	38	56	37	51	64	64	46	32	42	51	54	61	30	48	44	51	62	36	70	50	77	54	23	34	73	33
balmond	23	14	20	61	28	60	16	44	32	39	25	33	14	74	20	32	21	15	18	49	29	27	25	62	22	32	29	60	45	43	29	39	55	66	56	76	47	40	66	17	31	24	23	55	22	36	30	55
bal****	0	0	0	0	0	0	0	0	0	0	0	0	0	0	0	0	0	0	0	0	0	0	0	0	0	0	0	5	14	18	9	9	7	25	17	15	10	17	5	14	12	7	10	14	4	5	3	3
bane	21	33	59	41	104	59	28	40	26	85	28	61	18	41	39	111	40	28	76	42	27	30	53	52	34	50	66	42	25	71	35	64	87	65	79	67	36	39	28	37	47	20	52	55	30	47	95	46
bruno	12	27	25	34	15	32	26	37	8	26	7	24	11	29	18	28	7	13	10	16	9	10	5	23	30	10	21	42	7	5	37	26	6	27	38	17	11	30	13	20	22	27	30	20	11	23	35	23
chou	118	88	37	120	55	108	74	155	110	152	52	151	87	149	121	222	90	103	140	130	79	61	61	72	59	76	65	56	36	31	20	79	41	66	74	64	83	44	39	63	25	223	80	79	107	47	57	59
clint	34	30	46	42	34	52	70	137	78	172	57	92	18	39	53	104	24	33	48	43	36	13	10	22	32	17	51	47	18	23	31	53	28	27	40	26	15	33	16	16	25	64	51	61	22	23	41	56
cyclops	15	14	6	18	15	38	40	101	66	107	46	74	70	67	66	145	56	38	66	262	182	192	115	180	73	99	112	81	72	72	72	90	95	89	205	116	73	99	95	65	70	48	107	220	104	61	99	110
cyc	18	16	7	19	15	45	42	109	69	109	57	80	71	68	69	148	58	41	73	278	192	210	122	194	88	106	119	93	77	80	82	111	112	100	264	176	96	144	123	87	89	58	142	285	130	78	121	135
diggie	0	0	0	0	0	0	0	0	0	0	0	0	0	0	0	0	0	0	0	0	0	0	24	46	86	38	85	158	115	84	69	93	79	94	155	56	78	70	40	65	43	32	77	98	48	50	33	56
digger	0	0	0	0	0	0	0	0	1	1	0	1	0	1	0	0	0	0	0	0	0	0	14	22	5	2	3	27	11	5	3	0	2	1	0	0	0	1	0	0	0	0	0	1	0	0	1	0
estes	67	81	72	114	58	167	104	219	71	115	85	82	38	60	42	74	37	35	21	59	27	37	19	47	22	17	28	66	50	37	27	38	22	47	49	31	76	30	26	26	43	8	115	48	20	54	42	42
eudora	53	87	34	55	52	49	31	129	29	54	35	83	20	60	52	119	68	38	56	76	50	54	17	40	34	41	44	47	21	39	32	27	40	61	43	29	22	15	34	23	29	14	34	26	10	39	34	25
fanny	71	44	41	89	49	50	64	113	62	75	77	101	62	107	61	135	103	107	301	295	101	210	200	491	143	350	321	311	48	114	76	179	145	217	209	159	134	225	235	100	164	187	194	330	203	182	162	239
franco	49	52	19	28	26	48	49	84	33	71	25	57	58	76	31	74	17	25	44	57	56	43	13	34	26	51	37	64	26	27	47	37	49	37	54	29	75	34	26	35	49	25	58	46	15	27	43	40
gatotkaca	0	0	0	0	0	0	0	0	2	2	12	11	0	3	1	10	3	6	1	5	3	3	2	2	8	8	4	4	0	4	3	2	4	8	1	1	4	6	8	7	9	4	9	6	1	2	8	6
gatot	0	0	0	0	3	0	0	3	8	8	61	71	8	29	47	52	36	46	53	66	37	40	19	30	44	73	39	43	32	34	17	25	21	50	30	48	20	40	37	14	20	18	30	32	12	15	33	37
gord	12	20	11	10	7	15	27	26	6	24	13	34	35	28	30	70	20	31	64	157	93	90	52	57	50	14	71	39	24	18	31	34	20	45	61	31	44	47	17	24	49	20	33	68	24	47	24	42
grock	0	0	0	0	0	0	0	0	0	0	0	0	0	0	0	52	26	32	72	70	198	123	75	143	81	127	119	132	86	41	69	108	100	85	90	92	50	82	33	77	61	56	51	41	24	52	70	58
gusion	0	0	0	0	0	0	0	0	0	0	0	0	0	0	0	0	0	0	0	0	0	0	0	0	0	0	0	0	0	0	0	0	0	0	0	0	0	5	19	12	30	57	80	165	124	105	80	85
guisson	0	0	0	0	0	0	0	0	0	0	0	0	0	0	0	0	0	0	0	0	0	0	0	0	0	0	0	0	0	0	0	0	0	0	0	0	0	0	0	0	0	0	0	0	0	0	0	0
gossen	0	0	0	0	0	0	0	0	0	0	0	0	0	0	0	0	0	0	0	0	0	0	0	0	0	0	0	0	0	0	0	0	8	10	3	9	26	36	35	86	194	122	175	178	114	48	51	57
harley	0	0	1	0	0	0	0	0	0	0	1	28	88	49	18	131	60	134	224	279	187	132	76	129	95	58	121	70	82	65	70	114	103	119	205	126	138	165	104	77	96	64	132	166	96	66	141	121
hayabusa	10	15	2	18	14	30	43	86	142	85	39	80	30	30	52	72	43	31	31	33	36	24	31	31	20	35	58	81	27	28	35	70	31	50	30	42	40	40	38	22	35	55	41	30	35	33	54	43
haya	12	21	3	19	14	34	45	94	164	107	59	97	44	52	119	134	64	53	62	45	45	40	72	58	32	83	102	144	41	58	67	127	63	109	114	84	91	101	90	94	59	136	105	81	98	73	106	90
helcurt	0	0	0	0	0	0	0	0	0	0	0	0	0	0	0	0	0	0	0	0	0	0	0	0	0	0	0	61	11	149	109	61	38	39	25	42	13	39	40	31	41	64	102	176	144	111	46	88
hilda	54	18	15	40	14	23	20	30	17	17	9	25	7	20	23	24	20	22	53	79	76	31	29	76	17	33	32	37	47	61	54	99	61	65	124	133	74	70	90	82	56	58	47	112	54	44	44	51
hylos	0	0	0	0	0	0	0	0	0	0	0	0	0	0	0	0	0	0	0	0	0	0	0	19	21	26	94	52	18	16	10	31	36	56	98	119	93	111	127	135	111	158	124	256	120	163	124	104
irithel	0	0	0	0	0	0	0	0	0	0	0	0	0	9	21	50	21	30	36	59	40	31	20	41	32	51	100	67	45	40	32	84	71	40	29	48	45	45	20	36	41	22	51	29	12	26	37	27
iritel	0	0	0	0	0	0	0	0	0	0	0	0	0	0	0	0	0	0	0	0	0	0	0	0	0	0	1	0	0	0	0	0	0	0	0	0	1	0	0	0	0	0	0	0	0	0	0	0
jawhead	0	0	0	0	0	0	0	0	0	0	0	0	0	0	0	0	0	0	0	0	0	0	0	0	0	0	0	0	0	0	0	13	4	13	15	34	39	30	25	21	43	23	30	40	87	66	62	112
johnson	51	19	19	17	19	23	15	29	11	58	28	35	5	25	36	36	19	53	45	21	21	22	7	15	12	24	21	20	9	21	14	54	31	50	38	62	38	169	233	210	220	137	201	252	145	171	119	121
kagura	42	42	49	59	52	69	102	93	35	58	42	88	32	88	84	148	103	99	111	441	243	175	90	182	115	149	193	176	105	118	127	203	189	168	288	140	143	150	155	203	204	240	283	289	156	166	159	164
kagu	42	43	49	59	52	69	102	93	35	59	42	90	32	89	84	151	103	99	111	443	247	178	90	183	115	149	197	177	106	118	130	209	191	169	296	148	147	151	156	209	204	247	292	298	163	167	170	168
karina	96	72	34	97	67	137	141	248	102	148	77	82	43	98	106	130	46	70	99	110	63	114	55	98	54	79	74	97	52	35	49	88	52	76	84	202	75	65	94	77	43	46	101	99	78	62	109	82
karrie	0	0	0	0	0	0	0	15	30	144	75	263	100	178	237	200	74	100	105	65	34	36	27	45	23	42	45	50	14	30	29	76	41	39	37	23	23	25	26	18	30	17	52	71	28	44	28	32
lance	8	24	7	31	18	9	32	30	16	61	16	30	19	16	17	35	44	19	28	93	81	83	165	410	179	385	297	407	153	214	187	243	144	192	221	226	164	198	276	220	265	265	273	514	349	232	271	276
lancelot	0	0	0	0	0	0	0	0	0	0	0	0	0	0	0	0	0	0	0	53	34	29	115	293	118	306	183	283	90	126	111	127	88	95	115	110	93	87	130	84	124	115	116	206	152	100	120	127
lapu	3	10	71	49	30	22	33	40	53	58	35	75	54	57	67	87	27	39	82	83	54	30	51	54	51	64	34	53	45	34	34	39	19	31	27	25	19	38	58	48	84	52	69	69	40	18	74	75
lapu-lapu	0	1	21	7	3	6	4	6	6	11	3	14	6	5	8	19	2	6	10	10	6	6	8	7	5	9	8	4	2	4	5	4	1	3	3	1	1	4	2	9	2	4	5	7	10	0	8	12
layla	39	47	37	55	42	53	52	74	35	64	33	68	17	52	50	103	46	59	53	91	73	38	40	76	60	66	122	141	46	83	73	133	84	93	76	116	81	90	70	57	58	49	99	119	61	83	110	107
lesley	0	0	0	0	0	0	0	0	0	0	0	0	0	0	0	0	0	0	0	0	0	0	0	0	0	0	0	3	2	37	19	54	37	129	147	116	163	182	176	85	146	105	178	255	247	156	233	212
lolita	35	38	18	12	42	24	17	85	27	66	27	77	10	32	24	43	9	22	39	62	44	42	68	180	63	39	57	71	49	67	52	103	56	71	86	57	62	73	54	44	42	34	57	87	62	71	69	48
mino	17	12	31	24	27	45	22	100	40	63	39	67	42	84	83	85	48	105	79	66	44	42	9	41	36	39	25	33	21	30	21	33	20	34	24	29	21	38	37	16	23	34	29	59	26	50	26	31
minotaur	6	3	7	15	19	12	10	26	11	20	13	22	4	21	29	22	10	32	25	21	13	7	1	18	10	7	7	12	9	13	8	14	8	11	6	6	9	12	22	3	9	6	11	23	10	12	7	14
miya	23	38	7	60	59	73	83	91	35	67	38	63	34	55	35	74	26	39	38	49	48	24	9	45	34	31	67	42	28	39	52	104	50	101	53	53	92	53	38	51	41	50	51	42	49	47	63	98
moskov	205	283	140	229	111	72	103	98	45	70	35	78	32	39	43	83	22	46	25	41	69	25	19	29	24	61	78	75	48	28	21	46	21	19	29	51	33	53	44	42	148	128	116	179	167	52	87	133
moskow	0	0	1	3	0	0	0	0	0	0	0	0	0	0	0	0	0	0	0	0	0	0	0	0	0	0	0	0	0	0	0	0	0	0	0	0	0	0	0	0	0	1	0	0	0	0	1	0
nana	50	54	27	56	43	39	32	148	90	109	36	64	21	32	37	94	82	66	53	78	38	42	56	102	61	44	32	56	75	46	51	67	66	58	48	34	67	32	47	27	62	24	67	95	35	94	73	85
nata	76	49	41	69	40	55	81	157	73	64	61	99	36	46	50	60	53	48	73	77	79	72	33	79	41	85	46	95	22	82	41	111	66	80	93	41	77	63	73	45	33	60	59	81	83	47	81	107
natalia	66	48	40	68	40	54	79	152	72	62	60	98	35	44	47	57	52	42	68	70	75	71	30	79	39	84	45	89	21	79	41	107	59	71	92	41	77	62	68	44	28	59	54	78	74	44	73	97
odette	0	0	0	0	0	0	0	0	0	0	0	0	0	0	0	0	0	0	23	124	77	65	58	64	32	34	48	58	60	23	56	118	38	88	62	31	49	45	32	47	65	59	148	68	51	46	42	53
odete	0	0	0	0	0	0	0	0	0	0	0	0	0	0	0	0	0	0	0	0	0	0	0	0	0	0	0	0	0	0	0	0	0	0	0	0	0	0	0	0	0	1	0	0	0	0	0	0
pharsa	0	0	0	0	0	0	0	0	0	0	0	0	0	0	0	0	0	0	0	0	0	0	0	0	0	0	0	4	0	8	0	84	68	38	43	38	40	76	31	28	63	23	70	44	55	41	40	31
parsa	0	0	0	0	0	0	0	0	0	0	0	0	0	0	0	0	0	0	0	0	0	0	0	0	0	0	0	0	0	0	0	0	0	1	0	0	0	1	0	0	0	0	0	0	0	0	0	0
farsha	0	0	0	0	0	0	0	0	0	0	0	0	0	0	0	0	0	0	0	0	0	0	0	0	0	0	0	0	0	0	0	5	0	1	0	0	2	1	0	0	2	0	0	0	0	0	0	0
rafaela	17	8	4	14	9	19	12	38	15	36	20	44	18	65	24	32	21	29	27	44	25	13	17	37	17	15	19	32	33	25	16	40	17	60	20	35	50	32	24	23	34	22	53	51	33	51	29	27
rafael	18	8	4	14	9	19	14	41	15	39	20	46	18	65	28	36	21	31	28	46	26	15	17	38	17	15	19	33	33	27	16	40	17	61	21	35	50	32	24	23	34	22	53	51	33	51	29	27
roger	0	0	0	0	0	0	42	115	26	35	22	31	42	98	44	72	34	49	63	121	76	46	86	74	59	83	81	180	72	46	53	57	58	69	68	64	68	40	36	28	22	51	46	59	14	27	29	36
ruby	44	48	26	56	49	62	60	73	46	61	32	44	16	28	38	108	48	87	90	87	38	54	71	51	37	102	72	136	167	88	107	134	155	165	196	117	181	184	98	122	113	152	105	217	101	141	195	144
saber	33	34	25	38	40	50	50	93	37	70	29	67	29	62	87	121	56	93	72	63	62	61	40	113	79	92	86	134	69	113	49	114	53	91	42	45	37	32	60	34	54	38	37	131	77	38	92	65
sun	27	18	40	48	23	21	15	42	60	45	17	47	36	21	48	49	53	43	40	109	34	35	39	73	28	31	43	50	28	50	29	49	31	66	63	45	44	102	25	42	56	43	43	63	35	35	57	40
tigreal	46	80	55	137	68	86	70	101	47	104	61	47	35	57	32	68	14	48	27	37	11	35	16	30	30	56	29	33	8	26	30	48	26	34	23	54	43	17	23	19	17	23	49	46	10	38	46	43
valir	0	0	0	0	0	0	0	0	0	0	0	0	0	0	0	0	0	0	0	0	0	0	0	0	0	0	0	0	0	0	0	0	0	0	0	27	23	8	4	1	80	58	41	38	24	21	18	21
vexana	0	0	0	3	15	41	23	39	7	30	12	21	9	14	24	21	5	11	16	50	11	25	7	35	38	9	23	13	11	14	5	47	11	27	12	17	9	29	24	17	31	16	56	28	69	90	31	59
yi sun	11	4	13	18	9	11	6	7	4	12	3	7	2	1	5	6	5	4	5	8	6	6	5	8	2	10	16	7	7	5	9	16	8	11	5	7	2	3	2	5	8	8	0	7	6	2	5	2
yss	3	5	3	5	21	13	12	10	29	18	6	4	4	15	7	18	3	6	13	10	3	21	15	34	58	80	72	95	60	76	60	96	43	49	98	57	61	70	34	48	64	42	45	85	32	27	35	24
zhask	0	0	0	0	0	0	0	0	0	0	0	0	0	0	0	0	0	0	0	0	0	0	0	0	0	35	54	94	131	55	63	82	69	82	101	81	92	115	107	63	73	51	41	52	29	29	33	38
zilong	0	0	0	0	0	0	0	0	0	1	4	85	29	83	42	140	59	60	79	116	87	115	61	85	55	51	67	111	64	60	44	85	63	87	69	47	65	48	64	55	27	52	45	87	59	68	81	88
selena	0	0	0	0	0	0	0	0	0	0	0	0	0	0	0	0	0	0	0	0	0	0	0	0	0	0	0	0	0	0	0	0	0	0	0	0	0	0	0	0	0	0	1	10	7	50	15	23
chang-e	0	0	0	0	0	0	0	0	0	0	0	0	0	0	0	0	0	0	0	0	0	0	0	0	0	0	0	0	0	0	0	0	0	0	0	0	0	0	0	0	0	0	0	2	0	0	1	0
kaja	0	0	0	0	0	0	0	0	0	0	0	0	0	0	0	0	0	0	0	0	0	0	0	0	0	0	0	0	0	0	0	0	0	0	0	0	0	0	0	0	0	0	0	0	0	0	0	19
uranus	0	0	0	0	0	0	0	0	0	0	0	0	0	0	0	0	0	0	0	0	0	0	0	0	0	0	1	0	0	0	0	0	0	0	0	0	0	0	0	0	0	12	16	65	22	29	15	34
hanabi	0	0	0	0	0	0	0	0	0	0	0	0	0	0	0	0	0	0	0	0	0	0	0	0	0	0	0	0	0	0	0	0	0	0	0	0	0	0	0	0	0	19	86	29	44	35	162	80
